1.428386558165781750e+00 1.428386558165781750e+00
-1.313839087028072727e+00 -1.313839087028072727e+00
1.596285966845742754e+00 1.596285966845742754e+00
1.367550496433965534e+00 1.367550496433965534e+00
1.468173134298068616e+00 1.468173134298068616e+00
-1.454971615808443364e+00 -1.454971615808443364e+00
1.161811926465180944e+00 1.161811926465180944e+00
-1.714610930998586413e+00 -1.714610930998586413e+00
-1.327999547708873740e+00 -1.327999547708873740e+00
1.382642255659186192e+00 1.382642255659186192e+00
1.074868758557305348e+00 1.074868758557305348e+00
1.459529311267870444e+00 1.459529311267870444e+00
1.382177001267317351e+00 1.382177001267317351e+00
-1.131668993147058488e+00 -1.131668993147058488e+00
-1.248997409178646656e+00 -1.248997409178646656e+00
-1.322204908516744437e+00 -1.322204908516744437e+00
-1.464985657964124277e+00 -1.464985657964124277e+00
-1.454739026129264534e+00 -1.454739026129264534e+00
1.557625966631448922e+00 1.557625966631448922e+00
-1.401922341642383385e+00 -1.401922341642383385e+00
-3.593397378255333563e-01 -3.593397378255333563e-01
-6.950145572910067064e-03 -6.950145572910067064e-03
1.138715720991759078e-01 1.138715720991759078e-01
-1.704154411162837890e-01 -1.704154411162837890e-01
-1.840487346705927951e-01 -1.840487346705927951e-01
2.641666606852424715e-01 2.641666606852424715e-01
3.363208579927841058e-01 3.363208579927841058e-01
1.640524890397370150e-01 1.640524890397370150e-01
-1.572146825398952896e-01 -1.572146825398952896e-01
-2.091069596104288553e-01 -2.091069596104288553e-01
-1.205649127814735350e-01 -1.205649127814735350e-01
-2.119293925672509904e-01 -2.119293925672509904e-01
1.764063617893480984e-01 1.764063617893480984e-01
-5.099904663363319379e-01 -5.099904663363319379e-01
2.850906880823069756e-01 2.850906880823069756e-01
2.240966054048715017e-01 2.240966054048715017e-01
3.109652609661974765e-01 3.109652609661974765e-01
1.891447943386029285e-01 1.891447943386029285e-01
-2.009277177789230429e-01 -2.009277177789230429e-01
2.326104293168703568e-02 2.326104293168703568e-02
