1.045671136079457497e+00 1.489629225136359647e+00
-1.014353317677219701e+00 -1.819879464760940202e+00
-1.620163581427086275e+00 -1.743044995833967992e+00
-2.033001512661398724e-01 5.273969534423614824e-01
-4.826002057748022267e-01 7.146205318269012174e-01
1.585109274820189373e+00 1.872635225428825434e+00
1.958595991965283778e+00 1.500819211473782389e+00
1.779890808901490207e+00 1.970806962445840416e+00
-9.344408182707302224e-01 7.076329427186704990e-01
-7.284736653373933279e-01 6.268006640244656591e-01
7.448260876453196566e-01 -3.632751267428104835e-01
1.110783591479933552e+00 1.075478191652501803e+00
6.960976754591372551e-01 -2.787737346344110190e-01
1.467973924218323400e+00 1.642882209981819219e+00
1.950324962704873322e+00 1.247272424892533094e+00
3.618807928239857752e-01 1.940513291174241761e-01
1.278558294522147420e-01 4.331989587097935246e-01
-1.885746510344320725e+00 -1.091229767708427723e+00
5.209228842700928119e-01 4.372237635977338499e-02
1.492267825702193740e-01 6.159393766339980036e-01
1.673464365864987480e+00 1.124420650231359842e+00
-1.445074914310983116e+00 -1.410136601293266123e+00
-1.009857661378553262e+00 -1.189774484277745570e+00
-1.349573402784390197e+00 -1.744301524414649140e+00
1.136249061510725689e-01 -2.842676871669249650e-01
-1.199764248617296580e+00 -1.237249906654789733e+00
1.530579239086239163e+00 1.875545419788785306e+00
-5.874252458162845247e-01 -4.888207504219350685e-01
-1.063391885365539080e+00 -1.963186176700124852e+00
1.252086703567543591e+00 1.908226698807007793e+00
2.384404205810397581e-01 4.966997067951515188e-01
-1.542040514934004847e+00 -1.420780343675349222e+00
8.168175207648669112e-01 8.359092305459230321e-01
-1.013304750704408619e+00 -1.799977978252482735e+00
2.302515037990058300e-01 -1.952147865980953245e-01
1.243226556939644567e+00 1.598749996977127275e+00
1.979895906054846222e+00 1.321361172328829436e+00
8.370816133349125998e-01 -2.476779249247342829e-01
1.478682247093415558e+00 1.292816676842798440e+00
2.632769816078437408e-01 5.617972994476023718e-01
